time,x,y,z,phi,theta,psi,x_velocity,y_velocity,z_velocity,phi_velocity,theta_velocity,psi_velocity,rotor_speed1,rotor_speed2,rotor_speed3,rotor_speed4
0.06,6.22255491361e-08,1.90444031827e-07,9.99773152035,0.000248330175054,6.28291379683,0.0,1.08490362506e-05,1.65993515672e-05,-0.0756176450801,0.0113438886891,-0.0156041014527,0.0,377.85903245130527,376.3519687126277,376.53141711436655,377.6270888488629
0.12000000000000001,1.07082211835e-05,9.66654389571e-06,9.99842617211,0.000783360403379,6.28215420296,0.0,0.000439219476417,0.000368548596146,0.0987743953387,0.003559818324,-0.00734197674983,0.0,459.8651772399371,460.5189464338659,459.9054540166427,459.28865728646286
0.18,6.08324286125e-05,4.94090294815e-05,10.0082272736,0.00082963400443,6.28189931035,0.0,0.00126787508793,0.000970727491233,0.227911221084,-0.00548873292527,0.00131508727055,0.0,445.6850323734899,446.3919813691435,446.46785528041977,445.7291056710767
0.23999999999999996,0.000161408392817,0.000122605287865,10.0234532603,0.000704193307625,6.28180658909,0.0,0.00208461265337,0.00144827519919,0.279609992093,0.00396161091618,-0.00798788553902,0.0,422.259910501591,421.4567836587394,420.45461718550837,421.2724686699184
0.3,0.000314182513491,0.000223699214026,10.0415005697,0.000988150702707,6.28142613592,0.0,0.00304784504574,0.00194593359362,0.321955544325,0.0062317707906,-0.00323503423224,0.0,419.080366252316,419.4933147135546,417.212457167901,417.4105006179778
0.36000000000000004,0.00053800724815,0.000365237494295,10.0661644608,0.00172692050076,6.28072020114,0.0,0.00445102336399,0.00283758173657,0.500112391877,0.0223183672732,-0.0402321245038,0.0,462.82268056642596,459.9020626580248,460.33376059885705,461.6046409544878
0.4200000000000001,0.000873927983998,0.00058207558879,10.1021505131,0.00279788338448,6.2779426695,0.0,0.00704410109857,0.00453307726825,0.699320358438,0.00694163272431,-0.0625629930205,0.0,468.25689031666036,466.5154562930247,468.433372455812,467.23620967839986
0.48000000000000015,0.0014227385325,0.000915033795535,10.147691496,0.00303816930024,6.27411761175,0.0,0.0116463745875,0.00660053387834,0.818631358305,-0.00263334724869,-0.0662382991938,0.0,443.0450152225613,442.7397857795712,444.519955111199,443.73467213706283
0.5400000000000001,0.00234668156988,0.00138023797278,10.2021104468,0.00297347039156,6.26983588708,0.0,0.0196151366501,0.0088934102375,0.995191494509,0.00186348934725,-0.0843308374978,0.0,461.4706183931226,460.0365678901606,461.5989596830453,461.95366477050806
0.6000000000000002,0.00380529365605,0.0019729189941,10.2638824574,0.00313260737119,6.26480049191,0.0,0.0294957796982,0.0108756446314,1.0638062534,0.00418505894658,-0.0831208162096,0.0,427.8234363146099,427.9203795714538,427.76181306323986,427.9593878635487
0.6600000000000003,0.00600113129267,0.00269558653042,10.3321432418,0.00314211498026,6.26020560832,0.0,0.0442157350704,0.0132286722806,1.21139746072,-0.00944313257202,-0.0659627105138,0.0,452.40766282228947,453.7822791247825,453.32687839041915,452.2306023384613
0.7200000000000003,0.00906700638714,0.00354211756939,10.404577631,0.00227066268828,6.25612054999,0.0,0.0583256252504,0.0149295055846,1.20308235648,-0.0273612200164,-0.0727038399991,0.0,402.94995752963194,402.33611482237916,403.44959254557585,401.828749751899
0.7800000000000004,0.0131894074806,0.00448303446874,10.4814805026,0.00139247122842,6.25241075355,0.0,0.0795219494337,0.0163033768123,1.36015984598,0.00308625313429,-0.0460228707075,0.0,456.082904464467,458.20579814084385,454.00134445326864,456.4375079255829
0.8400000000000004,0.0186462477794,0.00549354340978,10.5673703016,0.00228411901941,6.25034028472,0.0,0.102621445019,0.0174456239219,1.50264767347,0.0316232082919,-0.0180177715888,0.0,451.65466011641195,453.90683193382085,450.30379492294384,452.6060889942095
0.9000000000000005,0.0256077339684,0.00660490791248,10.6642071005,0.00455821197,6.24939641188,0.0,0.129538591172,0.0198522371448,1.72493095485,0.0481731465682,-0.0115110965245,0.0,476.2505001396675,476.74797834142066,475.70805809672953,476.97411364149644
0.9600000000000005,0.0341614058475,0.00791353780138,10.7730773992,0.00697549013894,6.24856364708,0.0,0.155659679805,0.0240788869915,1.90379214555,0.0157766381126,-0.0190952221232,0.0,465.03393482128894,464.43964167708015,465.0073500777132,462.4634479677734
1.0200000000000005,0.0442791347185,0.00951816064247,10.891983643,0.00808725582094,6.2472437077,0.0,0.181722934562,0.0295205587602,2.05947433566,0.0235332716045,-0.0285509635305,0.0,458.8756420494491,458.1244397977769,456.88483456615086,457.5027378586098
1.0800000000000005,0.0559845107102,0.0114740696376,11.0200148236,0.00950217878118,6.2454565494,0.0,0.208636308365,0.0358283073544,2.20794599135,0.0236794156383,-0.0323775764206,0.0,457.8751396921714,457.5703731317382,454.74076754131465,454.7525182444493
1.1400000000000006,0.0692864146709,0.0138247445234,11.1554198226,0.0108508719219,6.24364125294,0.0,0.234942741151,0.042666344551,2.30535099361,0.0199608628202,-0.0263165279556,0.0,440.1281626444328,440.62918126472454,441.75618584789026,441.4494956166055
1.2000000000000006,0.0841980682042,0.0166117389495,11.2965518949,0.0123895732443,6.24177607058,0.0,0.262275100351,0.0503713506383,2.39884811547,0.0351016575769,-0.0429216984448,0.0,439.74166209179157,438.3636258124895,440.7060606104617,441.955841352498
1.2600000000000007,0.100761915053,0.0198869387405,11.4425885124,0.0139697290447,6.23901530276,0.0,0.290104962017,0.058991970318,2.46887294664,-0.00381116425486,-0.0530472047111,0.0,433.812949809351,432.9605717713958,434.5455945574418,431.271543716035
1.3200000000000007,0.119166945219,0.0237385004243,11.5954214708,0.0142358581782,6.23672398338,0.0,0.323669826191,0.0693943779476,2.62519478177,0.0172375293676,-0.0184516673958,0.0,458.3451697512187,461.08541444163865,460.32993372061486,461.9924677671671
1.3800000000000008,0.139417185545,0.0281589904046,11.7530837117,0.0150213794501,6.23558195984,0.0,0.351434297378,0.0780363859113,2.6301920947,0.00314660944825,-0.0202239198319,0.0,412.68399834427447,412.5275526384887,413.7800780876978,412.53764279449814
1.4400000000000008,0.16146105279,0.0331430836562,11.9132891552,0.014795243169,6.23420758625,0.0,0.383477295934,0.0881009784898,2.70979273695,-0.0235318205096,-0.0288970366042,0.0,437.8263396579631,437.1040946340479,438.4710647706084,436.2491448173459
1.5000000000000009,0.18570290916,0.0387954046165,12.0832627247,0.0146004690455,6.23234346531,0.0,0.424773724304,0.10022149497,2.95537349906,0.0208848839823,-0.0358093129994,0.0,487.75671554684516,487.23998093010675,486.6288173763714,489.94230353683747
1.560000000000001,0.21236105834,0.04514897683,12.2658371174,0.0162997681476,6.23036277557,0.0,0.464037192789,0.111727255629,3.12995485302,0.0401124721672,-0.0279337757196,0.0,467.53392378279597,468.14675027076953,468.2613204114867,469.75484744178345
1.620000000000001,0.241295256546,0.0521973454386,12.4565750684,0.0185777906453,6.22862256886,0.0,0.500591602714,0.123451937947,3.22768405078,0.0332893301157,-0.0312331345344,0.0,445.4870763357141,445.2169616524316,446.83675186000033,446.2808431226179
1.680000000000001,0.27273055079,0.0600882760452,12.6581216301,0.0202291573639,6.22680357485,0.0,0.547437943709,0.139798352835,3.48974238719,0.0123311774589,-0.0285439982088,0.0,495.47425883307767,495.67172783415174,495.9034442556828,494.3616429125106
1.740000000000001,0.306694945593,0.0688793628364,12.8696343157,0.0213143659766,6.22515798269,0.0,0.584855603409,0.153323792842,3.5604415169,0.0276435314252,-0.0252806861375,0.0,439.6430062458469,439.9131249509554,439.0806877319966,440.34919798481405
1.8000000000000012,0.342854145652,0.0784762846628,13.0839930712,0.0230505828822,6.22358127059,0.0,0.620582023106,0.166725567204,3.58475290631,0.0314054302943,-0.0283525754775,0.0,426.0310995880592,425.7681717070643,424.4691265115565,424.7921418322211
1.8600000000000012,0.381131699761,0.0888889523479,13.2989106543,0.0244903830061,6.22195578416,0.0,0.655475685832,0.180512870575,3.57916201968,0.00195194608359,-0.0246818309304,0.0,415.4059963213484,415.72754965612125,416.78960696550456,414.20736556298147
1.9200000000000013,0.421836011225,0.100270172186,13.5184668098,0.0241884882505,6.22061429631,0.0,0.70145295917,0.198844023596,3.73884366501,-0.0250956340131,-0.018074945379,0.0,467.81872408906975,468.33290494068416,468.7738861185591,466.6673544272308
1.9800000000000013,0.465143468165,0.112668016931,13.7446922887,0.0228183550922,6.2195296043,0.0,0.742213637033,0.214272759331,3.80178331751,-0.0186609171763,-0.0180847098504,0.0,439.032781702007,439.0320317824584,438.99948184533895,439.5330733795406
2.0400000000000014,0.511199763287,0.126066026212,13.9791265129,0.0215517584866,6.2179561802,0.0,0.793088515966,0.232169397736,4.01195316753,-0.0265225692361,-0.0521926903149,0.0,485.1146395417972,482.54631340951596,484.9783041500251,484.38746463705456
2.1000000000000014,0.560161315286,0.140442968172,14.2232454716,0.01986321509,6.21516362948,0.0,0.839235671468,0.246881364901,4.12490898901,-0.0315960005598,-0.0371348977621,0.0,456.1642995350497,457.36395360644457,457.1058606262565,456.7011593962606
2.1600000000000015,0.611799313637,0.155624078955,14.4719968487,0.0182385118739,6.21256496002,0.0,0.882233939655,0.258987666853,4.16662426735,-0.0193036045072,-0.0600254828602,0.0,436.0047137252158,434.08664606337226,435.18600142341484,436.2135902296659
2.2200000000000015,0.666378394784,0.17158078281,14.7275737802,0.0170251482499,6.20926727047,0.0,0.937404848303,0.27275217811,4.35186731015,-0.0221272603445,-0.0463871460112,0.0,479.6521561744734,480.68502988120866,479.4038542974358,479.1892959892127
2.2800000000000016,0.724220998788,0.188307428646,14.9926662134,0.015747827096,6.20637671569,0.0,0.990936869492,0.284653149739,4.4839922971,-0.019662322948,-0.0520162527402,0.0,465.8639768771677,465.4222674291615,465.1676673070297,465.360694268242
2.3400000000000016,0.785203984026,0.205694005436,15.2639670291,0.0142711328603,6.20389742347,0.0,1.04206547885,0.294764746578,4.55902862727,-0.0370189781572,-0.0257058544714,0.0,448.29490388967804,450.4268785383526,449.5157378372003,448.1067377348105
2.4000000000000017,0.849210050177,0.223638509264,15.5386738228,0.0118165934288,6.20206713759,0.0,1.09160000958,0.303165173857,4.59768091668,-0.0501160483379,-0.0424318291193,0.0,438.96083685707475,437.570097833553,438.8405331171235,437.750954357063
2.4600000000000017,0.916180446476,0.242031797383,15.8151697298,0.00877525629706,6.19987013154,0.0,1.14093967595,0.309667890092,4.61872957676,-0.0518596770675,-0.0269790293242,0.0,431.8461495866395,433.1471058144186,433.60189826462477,433.4536709765815
2.520000000000002,0.986368810317,0.260780617343,16.0955876249,0.00559913026379,6.19871582208,0.0,1.19875997662,0.314961935048,4.72805412546,-0.0551778690611,-0.00706370833167,0.0,460.7448505651125,462.3168698955764,460.5774488052204,460.3131809065779
2.580000000000002,1.06000644958,0.279777215385,16.3821232189,0.00186681446308,6.19815804068,0.0,1.25582683232,0.317903660009,4.8227141691,-0.0824489922161,-0.0141842242241,0.0,458.23447238485653,457.66813986805784,458.092449724963,455.91550762739206
2.640000000000002,1.13675363975,0.298863257459,16.6705381963,6.27990682955,6.19704569272,0.0,1.30248743281,0.317878959955,4.79123347275,-0.0933523969562,-0.0291028635946,0.0,418.88445842466706,417.5848994102758,418.02652249708285,417.06852276465696
2.700000000000002,1.21665516178,0.317842696697,16.9609431733,6.27448081052,6.19510308038,0.0,1.36103042956,0.314208393873,4.88847807791,-0.085159420918,-0.0398938651163,0.0,459.1837460735279,458.3264165125489,458.75926323762036,459.402834125819
2.760000000000002,1.30004778966,0.336497789031,17.2564961444,6.26916841658,6.19300616926,0.0,1.41889704083,0.307118111008,4.96291637842,-0.0963367671745,-0.0265447752077,0.0,452.39607020474506,453.4692696619906,453.19561325554565,452.2897535685312
2.820000000000002,1.3869392311,0.354620270255,17.5564106405,6.26331569752,6.19138572291,0.0,1.4775936593,0.296398842448,5.03387651283,-0.10007706771,-0.0279490642768,0.0,453.5551379259412,453.44217265821976,451.7030059219167,451.3932388380579
2.880000000000002,1.47736399882,0.371987037798,17.8603940657,6.25793536566,6.19000196372,0.0,1.53666461818,0.281952286002,5.09856784858,-0.0743783449916,-0.0147439650918,0.0,450.06124131702023,451.12885500766225,451.01306834256053,453.0772916946978
2.940000000000002,1.57128372023,0.388405625352,18.1675110106,6.2537396373,6.18860427458,0.0,1.59404862557,0.264936583545,5.1384417342,-0.0622581876434,-0.0518937715939,0.0,446.05654990820756,443.01160254884735,443.4095321091001,444.40046962729906
3.000000000000002,1.66837259315,0.40382252352,18.4738260973,6.25006058933,6.18526181504,0.0,1.64250504906,0.248665415252,5.07229829291,-0.0595002499474,-0.0646981978771,0.0,410.242643918702,409.1014533029604,409.78575548403273,410.0278514397956
3.0600000000000023,1.7694253355,0.417862919911,18.7863188581,6.24631148313,6.18137132054,0.0,1.72626907821,0.218929403753,5.34276719123,-0.069242836756,-0.065129745833,0.0,512.7170915409735,512.6839494144211,512.0108522291569,511.31488320829476
3.1200000000000023,1.874981198,0.430246737837,19.1090051703,6.24198873832,6.1773524597,0.0,1.79258920858,0.193467637695,5.41300387674,-0.0783375187322,-0.0709653866128,0.0,456.8659818872028,456.3971479801978,456.9144009483124,456.1847551243068
3.1800000000000024,1.98458698763,0.441018968365,19.435833089,6.23781690615,6.17295240384,0.0,1.86129861733,0.165197803044,5.48081364173,-0.056060195434,-0.0785483738324,0.0,457.1780216648435,456.5692807379452,455.76219988614685,457.53581244480716
3.2400000000000024,2.09820148076,0.45009938338,19.764938599,6.23431140861,6.16817717589,0.0,1.92624103879,0.137187678755,5.48920697923,-0.0636298144678,-0.0817486846147,0.0,439.44572652195257,439.1751472696902,438.96067792913647,438.32950527679407
3.3000000000000025,2.21615509985,0.457281985731,20.0976412293,6.23083585754,6.16441439296,0.0,2.00588633207,0.101891360153,5.6001949428,-0.048443965514,-0.0395179559335,0.0,469.1765107956186,472.4411774101574,470.97137576254704,472.1424533806917
3.3600000000000025,2.33806001076,0.462671938271,20.4295468357,6.22812221772,6.16264332696,0.0,2.05779172952,0.0775554452179,5.46393175269,-0.0394674470342,-0.0146669814315,0.0,390.8826399270757,393.19172361891935,390.6936790432616,391.5284068949628
3.4200000000000026,2.46381194087,0.466238235609,20.7591908912,6.22593810277,6.16216728749,0.0,2.13392353998,0.0411257202702,5.523839697,-0.0308858660903,0.00294681401739,0.0,454.3074123103786,455.7178601221659,456.0886354007549,456.77305406754505
3.4800000000000026,2.59382121199,0.467724914691,21.0898942883,6.22444261599,6.16268469444,0.0,2.19965620333,0.00829057718479,5.49968334777,-0.0150846829365,0.0180708061868,0.0,428.51908765605754,429.80295989767615,429.38201805871165,430.72053430144
3.5400000000000027,2.72816633991,0.467019045167,21.4225582867,6.22408389374,6.16443759863,0.0,2.27826038145,-0.0318471997103,5.588649791,0.00785029080953,0.0453154045713,0.0,463.8576881791367,465.9928575118818,464.56970621797,466.36494694411215
3.6000000000000028,2.86738565802,0.463798952671,21.7623214429,6.22413923277,6.16714313158,0.0,2.36194120816,-0.0754057945068,5.73604548557,-0.0188961309853,0.0446421970715,0.0,483.0090974642257,482.9593106288796,485.0640771958127,483.0510087535504
3.660000000000003,3.01100646465,0.458240262363,22.1062169495,6.22310898846,6.16938407095,0.0,2.42515021384,-0.109976751858,5.72718366759,-0.0139260043862,0.0158663589624,0.0,439.343184305088,436.95092531598823,435.70936881362366,436.124847460721
3.720000000000003,3.1589789363,0.450272505874,22.4548583183,6.22193008462,6.16998312539,0.0,2.50702193861,-0.155666571511,5.89328784212,-0.0346821730686,-0.0056317424743,0.0,490.83432453894136,489.2358961837609,491.4381094057394,489.89695129652387
3.780000000000003,3.31183700718,0.439536825348,22.8133995376,6.21926650996,6.17056326403,0.0,2.58806891431,-0.202371518435,6.05714380929,-0.0844085374134,0.0298059756433,0.0,490.54518069586044,493.17011798335585,492.96269857427103,489.27218307508485
3.840000000000003,3.46848138852,0.426526613962,23.1725169738,6.21463568101,6.17192652431,0.0,2.63333290982,-0.231670305275,5.91418886868,-0.065660923469,0.00220383266023,0.0,396.8661172639802,394.3238988274463,394.64027437762076,396.3617302748908
3.900000000000003,3.62881114196,0.411085210653,23.5319421173,6.21214779746,6.17263997248,0.0,2.71079333239,-0.283310371097,6.06576617341,-0.0147137495592,0.0263901045126,0.0,487.292182711136,489.0970874627402,486.5803164822177,490.3788186587847
3.960000000000003,3.79360587847,0.39259637621,23.899134411,6.21226306954,6.17607631385,0.0,2.7819412444,-0.33296752906,6.17339064303,0.0232082123462,0.0876998392697,0.0,474.01124698230274,478.7019520449487,476.4286785508383,479.3199353841082
4.020000000000002,3.96216891941,0.371404953921,24.2690159153,6.21352169928,6.18138295183,0.0,2.8363133691,-0.373310242511,6.15616176005,0.0160936900994,0.0898911898152,0.0,439.3465446485231,439.5348356661243,440.2292348448238,439.6400054468636
4.080000000000001,4.13362962339,0.347989450517,24.635336538,6.21425051582,6.18690691515,0.0,2.87862965999,-0.40718728177,6.05515982776,0.00277542827629,0.0960923200532,0.0,410.75576930009777,411.3133453171043,412.48584070112025,411.30760980290404
4.14,4.30807468821,0.322158236249,25.0012770712,6.21392412832,6.1925673989,0.0,2.93551077292,-0.453823751905,6.14246020755,-0.0318775519846,0.0905899682049,0.0,471.1994661598912,470.78080767732627,471.3139498640374,468.62753260274945
4.199999999999998,4.48581523233,0.293504465905,25.372611615,6.21290028852,6.19863350258,0.0,2.98846514222,-0.501410572536,6.23491895258,0.00263516315428,0.116512051276,0.0,471.88284544193937,473.88793517979406,471.45408487425266,474.113712955741
4.259999999999997,4.66623323645,0.262277764522,25.745274279,6.21296124921,6.20558394992,0.0,3.02485057928,-0.539498201271,6.18754560513,-0.00243696146333,0.114464613323,0.0,430.9721593968299,430.81148707124015,429.21640897496366,428.7856036920079
4.319999999999996,4.84910104566,0.228401506453,26.1202715765,6.21299017004,6.2123623969,0.0,3.06989019254,-0.589676741374,6.31177835661,0.00576046768197,0.109815838196,0.0,482.43970999719403,482.09874497160746,482.0106579758719,482.6298806026076
4.379999999999995,5.03415306793,0.19187487297,26.4976200061,6.21309808725,6.21888937172,0.0,3.09792517178,-0.627886199157,6.26686300331,-0.00761703152483,0.106634586139,0.0,431.16837202777805,430.9102813868717,432.0141154501602,430.88436182744465
4.439999999999993,5.22085927962,0.152949955815,26.8737677955,6.21311235813,6.22574513251,0.0,3.12495538576,-0.669636434312,6.27147638919,0.0125569182392,0.126288066364,0.0,445.5205810641903,447.13632853636943,445.6563781687184,447.30270209978426
4.499999999999992,5.40913944652,0.111405968435,27.2518626934,6.21372159315,6.23314761596,0.0,3.15023516767,-0.715086746358,6.33147825218,0.00485332143477,0.116804947653,0.0,464.02987529655405,463.2977434015005,463.3986047823673,462.79238712968606
4.559999999999991,5.59870378647,0.0672499915161,27.6320382585,6.21403135677,6.24007525656,0.0,3.16788678816,-0.75676156128,6.34110133516,0.00577449759652,0.112629441644,0.0,448.7648877112885,448.4375182372257,447.8545096428193,447.929354088781
4.6199999999999894,5.78906301415,0.0208059140443,28.0097889958,6.21415573487,6.24657199969,0.0,3.17688787003,-0.791403975897,6.25120312408,-0.00660849018179,0.0977392446292,0.0,416.42437015647346,415.13055488704344,416.0880412543598,415.00223006523487
4.679999999999988,5.9799750974,-0.0279526253642,28.3855368317,6.2138366819,6.25297076729,0.0,3.18622879947,-0.833916476025,6.2736903737,-0.0028530723431,0.120231436914,0.0,449.5489786590673,451.37777933029855,451.1826935300895,451.4859516878134
4.739999999999987,6.17119976417,-0.0789946224246,28.7586979968,6.21390913869,6.26035520272,0.0,3.18736336746,-0.867542288857,6.16572547648,0.00829404311292,0.128221527022,0.0,407.6450748303474,408.37377720011546,407.8709937989765,408.8655755750555
4.799999999999986,6.36241744048,-0.132198334426,29.1274796576,6.2144569215,6.26764096326,0.0,3.18589130629,-0.905902455546,6.12732146527,0.0107507781743,0.10223381296,0.0,431.2742007491731,429.0865399095638,429.66078588506076,429.868948569991
4.859999999999984,6.55342980446,-0.187739252433,29.4945885845,6.21509166389,6.27372221291,0.0,3.18063035198,-0.945428617244,6.10982670361,0.0102333318502,0.099535645193,0.0,436.3483993858517,436.1321423182777,435.9798829896351,435.93651474879334
4.919999999999983,6.74401805705,-0.245671213513,29.8610721547,6.21614885227,6.27980081712,0.0,3.17175204427,-0.985578441072,6.10639780362,0.0293474843493,0.104639125018,0.0,440.9665035681359,441.396921743977,438.4796792345274,440.065024467956
4.979999999999982,6.93396229711,-0.306145427952,30.2296461743,6.21827407879,0.00380759310358,0.0,3.15901237312,-1.03002867118,6.17911681848,0.0454132015973,0.139926897349,0.0,462.37807957895916,465.1619185027859,462.98136343243766,464.2443979605354
5.0399999999999805,7.12300011177,-0.369051607999,30.5996028487,6.22072831931,0.0120971269659,0.0,3.14150466016,-1.06665726245,6.15304514319,0.0298768905705,0.134369764568,0.0,434.0272971238754,433.5787343012897,433.400025691546,432.09284355552285
